Domain,NLP Task,Value
Mathematics,optical character recognition,0
Mathematics,speech recognition,0
Mathematics,speech segmentation,0
Mathematics,text-to-speech,0
Mathematics,word segmentation,0
Mathematics,lemmatization,0
Mathematics,morphological segmentation,0
Mathematics,part-of-speech tagging,0
Mathematics,stemming,0
Mathematics,grammar induction,0
Mathematics,sentence breaking ,0
Mathematics,parsing,0
Mathematics,lexical semantics,0
Mathematics,distributional semantics,0
Mathematics,named entity recognition,0
Mathematics,sentiment analysis,0
Mathematics,terminology extraction,0
Mathematics,word-sense disambiguation,0
Mathematics,entity linking,0
Mathematics,multiword expressions,0
Mathematics,relationship extraction,0
Mathematics,semantic parsing,0
Mathematics,semantic role labelling,0
Mathematics,coreference resolution,0
Mathematics,discourse analysis,0
Mathematics,implicit semantic role labelling,0
Mathematics,recognizing textual entailment,0
Mathematics,topic segmentation,0
Mathematics,argument mining,0
Mathematics,anaphora resolution,0
Computer science,optical character recognition,1
Computer science,speech recognition,0
Computer science,speech segmentation,0
Computer science,text-to-speech,0
Computer science,word segmentation,0
Computer science,lemmatization,0
Computer science,morphological segmentation,0
Computer science,part-of-speech tagging,0
Computer science,stemming,0
Computer science,grammar induction,0
Computer science,sentence breaking ,0
Computer science,parsing,0
Computer science,lexical semantics,0
Computer science,distributional semantics,0
Computer science,named entity recognition,0
Computer science,sentiment analysis,0
Computer science,terminology extraction,0
Computer science,word-sense disambiguation,0
Computer science,entity linking,0
Computer science,multiword expressions,0
Computer science,relationship extraction,0
Computer science,semantic parsing,0
Computer science,semantic role labelling,0
Computer science,coreference resolution,0
Computer science,discourse analysis,0
Computer science,implicit semantic role labelling,0
Computer science,recognizing textual entailment,0
Computer science,topic segmentation,0
Computer science,argument mining,0
Computer science,anaphora resolution,0
Physics,optical character recognition,0
Physics,speech recognition,0
Physics,speech segmentation,0
Physics,text-to-speech,0
Physics,word segmentation,0
Physics,lemmatization,0
Physics,morphological segmentation,0
Physics,part-of-speech tagging,0
Physics,stemming,0
Physics,grammar induction,0
Physics,sentence breaking ,0
Physics,parsing,0
Physics,lexical semantics,0
Physics,distributional semantics,0
Physics,named entity recognition,0
Physics,sentiment analysis,0
Physics,terminology extraction,0
Physics,word-sense disambiguation,0
Physics,entity linking,0
Physics,multiword expressions,0
Physics,relationship extraction,0
Physics,semantic parsing,0
Physics,semantic role labelling,0
Physics,coreference resolution,0
Physics,discourse analysis,0
Physics,implicit semantic role labelling,0
Physics,recognizing textual entailment,0
Physics,topic segmentation,0
Physics,argument mining,0
Physics,anaphora resolution,0
Chemistry,optical character recognition,0
Chemistry,speech recognition,0
Chemistry,speech segmentation,0
Chemistry,text-to-speech,0
Chemistry,word segmentation,0
Chemistry,lemmatization,0
Chemistry,morphological segmentation,0
Chemistry,part-of-speech tagging,0
Chemistry,stemming,0
Chemistry,grammar induction,0
Chemistry,sentence breaking ,0
Chemistry,parsing,0
Chemistry,lexical semantics,0
Chemistry,distributional semantics,0
Chemistry,named entity recognition,0
Chemistry,sentiment analysis,0
Chemistry,terminology extraction,0
Chemistry,word-sense disambiguation,0
Chemistry,entity linking,0
Chemistry,multiword expressions,0
Chemistry,relationship extraction,0
Chemistry,semantic parsing,0
Chemistry,semantic role labelling,0
Chemistry,coreference resolution,0
Chemistry,discourse analysis,0
Chemistry,implicit semantic role labelling,0
Chemistry,recognizing textual entailment,0
Chemistry,topic segmentation,0
Chemistry,argument mining,0
Chemistry,anaphora resolution,0
Environmental sciences,optical character recognition,0
Environmental sciences,speech recognition,0
Environmental sciences,speech segmentation,0
Environmental sciences,text-to-speech,0
Environmental sciences,word segmentation,0
Environmental sciences,lemmatization,0
Environmental sciences,morphological segmentation,0
Environmental sciences,part-of-speech tagging,0
Environmental sciences,stemming,0
Environmental sciences,grammar induction,0
Environmental sciences,sentence breaking ,0
Environmental sciences,parsing,0
Environmental sciences,lexical semantics,0
Environmental sciences,distributional semantics,0
Environmental sciences,named entity recognition,0
Environmental sciences,sentiment analysis,0
Environmental sciences,terminology extraction,0
Environmental sciences,word-sense disambiguation,0
Environmental sciences,entity linking,0
Environmental sciences,multiword expressions,0
Environmental sciences,relationship extraction,0
Environmental sciences,semantic parsing,0
Environmental sciences,semantic role labelling,0
Environmental sciences,coreference resolution,0
Environmental sciences,discourse analysis,0
Environmental sciences,implicit semantic role labelling,0
Environmental sciences,recognizing textual entailment,0
Environmental sciences,topic segmentation,0
Environmental sciences,argument mining,0
Environmental sciences,anaphora resolution,0
Biological sciences,optical character recognition,0
Biological sciences,speech recognition,0
Biological sciences,speech segmentation,0
Biological sciences,text-to-speech,0
Biological sciences,word segmentation,0
Biological sciences,lemmatization,0
Biological sciences,morphological segmentation,0
Biological sciences,part-of-speech tagging,0
Biological sciences,stemming,0
Biological sciences,grammar induction,0
Biological sciences,sentence breaking ,0
Biological sciences,parsing,0
Biological sciences,lexical semantics,0
Biological sciences,distributional semantics,0
Biological sciences,named entity recognition,0
Biological sciences,sentiment analysis,0
Biological sciences,terminology extraction,0
Biological sciences,word-sense disambiguation,0
Biological sciences,entity linking,0
Biological sciences,multiword expressions,0
Biological sciences,relationship extraction,0
Biological sciences,semantic parsing,0
Biological sciences,semantic role labelling,0
Biological sciences,coreference resolution,0
Biological sciences,discourse analysis,0
Biological sciences,implicit semantic role labelling,0
Biological sciences,recognizing textual entailment,0
Biological sciences,topic segmentation,0
Biological sciences,argument mining,0
Biological sciences,anaphora resolution,0
Civil engineering,optical character recognition,0
Civil engineering,speech recognition,0
Civil engineering,speech segmentation,0
Civil engineering,text-to-speech,0
Civil engineering,word segmentation,0
Civil engineering,lemmatization,0
Civil engineering,morphological segmentation,0
Civil engineering,part-of-speech tagging,0
Civil engineering,stemming,0
Civil engineering,grammar induction,0
Civil engineering,sentence breaking ,0
Civil engineering,parsing,0
Civil engineering,lexical semantics,0
Civil engineering,distributional semantics,0
Civil engineering,named entity recognition,0
Civil engineering,sentiment analysis,0
Civil engineering,terminology extraction,0
Civil engineering,word-sense disambiguation,0
Civil engineering,entity linking,0
Civil engineering,multiword expressions,0
Civil engineering,relationship extraction,0
Civil engineering,semantic parsing,0
Civil engineering,semantic role labelling,0
Civil engineering,coreference resolution,0
Civil engineering,discourse analysis,0
Civil engineering,implicit semantic role labelling,0
Civil engineering,recognizing textual entailment,0
Civil engineering,topic segmentation,0
Civil engineering,argument mining,0
Civil engineering,anaphora resolution,0
Electrical engineering,optical character recognition,0
Electrical engineering,speech recognition,0
Electrical engineering,speech segmentation,0
Electrical engineering,text-to-speech,0
Electrical engineering,word segmentation,0
Electrical engineering,lemmatization,0
Electrical engineering,morphological segmentation,0
Electrical engineering,part-of-speech tagging,0
Electrical engineering,stemming,0
Electrical engineering,grammar induction,0
Electrical engineering,sentence breaking ,0
Electrical engineering,parsing,0
Electrical engineering,lexical semantics,0
Electrical engineering,distributional semantics,0
Electrical engineering,named entity recognition,0
Electrical engineering,sentiment analysis,0
Electrical engineering,terminology extraction,0
Electrical engineering,word-sense disambiguation,0
Electrical engineering,entity linking,0
Electrical engineering,multiword expressions,0
Electrical engineering,relationship extraction,0
Electrical engineering,semantic parsing,0
Electrical engineering,semantic role labelling,0
Electrical engineering,coreference resolution,0
Electrical engineering,discourse analysis,0
Electrical engineering,implicit semantic role labelling,0
Electrical engineering,recognizing textual entailment,0
Electrical engineering,topic segmentation,0
Electrical engineering,argument mining,0
Electrical engineering,anaphora resolution,0
Electronic engineering,optical character recognition,0
Electronic engineering,speech recognition,0
Electronic engineering,speech segmentation,0
Electronic engineering,text-to-speech,0
Electronic engineering,word segmentation,0
Electronic engineering,lemmatization,0
Electronic engineering,morphological segmentation,0
Electronic engineering,part-of-speech tagging,0
Electronic engineering,stemming,0
Electronic engineering,grammar induction,0
Electronic engineering,sentence breaking ,0
Electronic engineering,parsing,0
Electronic engineering,lexical semantics,0
Electronic engineering,distributional semantics,0
Electronic engineering,named entity recognition,0
Electronic engineering,sentiment analysis,0
Electronic engineering,terminology extraction,0
Electronic engineering,word-sense disambiguation,0
Electronic engineering,entity linking,0
Electronic engineering,multiword expressions,0
Electronic engineering,relationship extraction,0
Electronic engineering,semantic parsing,0
Electronic engineering,semantic role labelling,0
Electronic engineering,coreference resolution,0
Electronic engineering,discourse analysis,0
Electronic engineering,implicit semantic role labelling,0
Electronic engineering,recognizing textual entailment,0
Electronic engineering,topic segmentation,0
Electronic engineering,argument mining,0
Electronic engineering,anaphora resolution,0
Information engineering,optical character recognition,0
Information engineering,speech recognition,0
Information engineering,speech segmentation,0
Information engineering,text-to-speech,0
Information engineering,word segmentation,0
Information engineering,lemmatization,0
Information engineering,morphological segmentation,0
Information engineering,part-of-speech tagging,0
Information engineering,stemming,0
Information engineering,grammar induction,0
Information engineering,sentence breaking ,0
Information engineering,parsing,0
Information engineering,lexical semantics,0
Information engineering,distributional semantics,0
Information engineering,named entity recognition,0
Information engineering,sentiment analysis,0
Information engineering,terminology extraction,0
Information engineering,word-sense disambiguation,0
Information engineering,entity linking,0
Information engineering,multiword expressions,0
Information engineering,relationship extraction,0
Information engineering,semantic parsing,0
Information engineering,semantic role labelling,0
Information engineering,coreference resolution,0
Information engineering,discourse analysis,0
Information engineering,implicit semantic role labelling,0
Information engineering,recognizing textual entailment,0
Information engineering,topic segmentation,0
Information engineering,argument mining,0
Information engineering,anaphora resolution,0
Mechanical engineering,optical character recognition,0
Mechanical engineering,speech recognition,0
Mechanical engineering,speech segmentation,0
Mechanical engineering,text-to-speech,0
Mechanical engineering,word segmentation,0
Mechanical engineering,lemmatization,0
Mechanical engineering,morphological segmentation,0
Mechanical engineering,part-of-speech tagging,0
Mechanical engineering,stemming,0
Mechanical engineering,grammar induction,0
Mechanical engineering,sentence breaking ,0
Mechanical engineering,parsing,0
Mechanical engineering,lexical semantics,0
Mechanical engineering,distributional semantics,0
Mechanical engineering,named entity recognition,0
Mechanical engineering,sentiment analysis,0
Mechanical engineering,terminology extraction,0
Mechanical engineering,word-sense disambiguation,0
Mechanical engineering,entity linking,0
Mechanical engineering,multiword expressions,0
Mechanical engineering,relationship extraction,0
Mechanical engineering,semantic parsing,0
Mechanical engineering,semantic role labelling,0
Mechanical engineering,coreference resolution,0
Mechanical engineering,discourse analysis,0
Mechanical engineering,implicit semantic role labelling,0
Mechanical engineering,recognizing textual entailment,0
Mechanical engineering,topic segmentation,0
Mechanical engineering,argument mining,0
Mechanical engineering,anaphora resolution,0
Chemical engineering,optical character recognition,0
Chemical engineering,speech recognition,0
Chemical engineering,speech segmentation,0
Chemical engineering,text-to-speech,0
Chemical engineering,word segmentation,0
Chemical engineering,lemmatization,0
Chemical engineering,morphological segmentation,0
Chemical engineering,part-of-speech tagging,0
Chemical engineering,stemming,0
Chemical engineering,grammar induction,0
Chemical engineering,sentence breaking ,0
Chemical engineering,parsing,0
Chemical engineering,lexical semantics,0
Chemical engineering,distributional semantics,0
Chemical engineering,named entity recognition,0
Chemical engineering,sentiment analysis,0
Chemical engineering,terminology extraction,0
Chemical engineering,word-sense disambiguation,0
Chemical engineering,entity linking,0
Chemical engineering,multiword expressions,0
Chemical engineering,relationship extraction,0
Chemical engineering,semantic parsing,0
Chemical engineering,semantic role labelling,0
Chemical engineering,coreference resolution,0
Chemical engineering,discourse analysis,0
Chemical engineering,implicit semantic role labelling,0
Chemical engineering,recognizing textual entailment,0
Chemical engineering,topic segmentation,0
Chemical engineering,argument mining,0
Chemical engineering,anaphora resolution,0
Materials engineering,optical character recognition,0
Materials engineering,speech recognition,0
Materials engineering,speech segmentation,0
Materials engineering,text-to-speech,0
Materials engineering,word segmentation,0
Materials engineering,lemmatization,0
Materials engineering,morphological segmentation,0
Materials engineering,part-of-speech tagging,0
Materials engineering,stemming,0
Materials engineering,grammar induction,0
Materials engineering,sentence breaking ,0
Materials engineering,parsing,0
Materials engineering,lexical semantics,0
Materials engineering,distributional semantics,0
Materials engineering,named entity recognition,0
Materials engineering,sentiment analysis,0
Materials engineering,terminology extraction,0
Materials engineering,word-sense disambiguation,0
Materials engineering,entity linking,0
Materials engineering,multiword expressions,0
Materials engineering,relationship extraction,0
Materials engineering,semantic parsing,0
Materials engineering,semantic role labelling,0
Materials engineering,coreference resolution,0
Materials engineering,discourse analysis,0
Materials engineering,implicit semantic role labelling,0
Materials engineering,recognizing textual entailment,0
Materials engineering,topic segmentation,0
Materials engineering,argument mining,0
Materials engineering,anaphora resolution,0
Medical engineering,optical character recognition,0
Medical engineering,speech recognition,0
Medical engineering,speech segmentation,0
Medical engineering,text-to-speech,0
Medical engineering,word segmentation,0
Medical engineering,lemmatization,0
Medical engineering,morphological segmentation,0
Medical engineering,part-of-speech tagging,0
Medical engineering,stemming,0
Medical engineering,grammar induction,0
Medical engineering,sentence breaking ,0
Medical engineering,parsing,0
Medical engineering,lexical semantics,0
Medical engineering,distributional semantics,0
Medical engineering,named entity recognition,0
Medical engineering,sentiment analysis,0
Medical engineering,terminology extraction,0
Medical engineering,word-sense disambiguation,0
Medical engineering,entity linking,0
Medical engineering,multiword expressions,0
Medical engineering,relationship extraction,0
Medical engineering,semantic parsing,0
Medical engineering,semantic role labelling,0
Medical engineering,coreference resolution,0
Medical engineering,discourse analysis,0
Medical engineering,implicit semantic role labelling,0
Medical engineering,recognizing textual entailment,0
Medical engineering,topic segmentation,0
Medical engineering,argument mining,0
Medical engineering,anaphora resolution,0
Environmental engineering,optical character recognition,0
Environmental engineering,speech recognition,0
Environmental engineering,speech segmentation,0
Environmental engineering,text-to-speech,0
Environmental engineering,word segmentation,0
Environmental engineering,lemmatization,0
Environmental engineering,morphological segmentation,0
Environmental engineering,part-of-speech tagging,0
Environmental engineering,stemming,0
Environmental engineering,grammar induction,0
Environmental engineering,sentence breaking ,0
Environmental engineering,parsing,0
Environmental engineering,lexical semantics,0
Environmental engineering,distributional semantics,0
Environmental engineering,named entity recognition,0
Environmental engineering,sentiment analysis,0
Environmental engineering,terminology extraction,0
Environmental engineering,word-sense disambiguation,0
Environmental engineering,entity linking,0
Environmental engineering,multiword expressions,0
Environmental engineering,relationship extraction,0
Environmental engineering,semantic parsing,0
Environmental engineering,semantic role labelling,0
Environmental engineering,coreference resolution,0
Environmental engineering,discourse analysis,0
Environmental engineering,implicit semantic role labelling,0
Environmental engineering,recognizing textual entailment,0
Environmental engineering,topic segmentation,0
Environmental engineering,argument mining,0
Environmental engineering,anaphora resolution,0
Environmental biotechnology,optical character recognition,0
Environmental biotechnology,speech recognition,0
Environmental biotechnology,speech segmentation,0
Environmental biotechnology,text-to-speech,0
Environmental biotechnology,word segmentation,0
Environmental biotechnology,lemmatization,0
Environmental biotechnology,morphological segmentation,0
Environmental biotechnology,part-of-speech tagging,0
Environmental biotechnology,stemming,0
Environmental biotechnology,grammar induction,0
Environmental biotechnology,sentence breaking ,0
Environmental biotechnology,parsing,0
Environmental biotechnology,lexical semantics,0
Environmental biotechnology,distributional semantics,0
Environmental biotechnology,named entity recognition,0
Environmental biotechnology,sentiment analysis,0
Environmental biotechnology,terminology extraction,0
Environmental biotechnology,word-sense disambiguation,0
Environmental biotechnology,entity linking,0
Environmental biotechnology,multiword expressions,0
Environmental biotechnology,relationship extraction,0
Environmental biotechnology,semantic parsing,0
Environmental biotechnology,semantic role labelling,0
Environmental biotechnology,coreference resolution,0
Environmental biotechnology,discourse analysis,0
Environmental biotechnology,implicit semantic role labelling,0
Environmental biotechnology,recognizing textual entailment,0
Environmental biotechnology,topic segmentation,0
Environmental biotechnology,argument mining,0
Environmental biotechnology,anaphora resolution,0
Industrial biotechnology,optical character recognition,0
Industrial biotechnology,speech recognition,0
Industrial biotechnology,speech segmentation,0
Industrial biotechnology,text-to-speech,0
Industrial biotechnology,word segmentation,0
Industrial biotechnology,lemmatization,0
Industrial biotechnology,morphological segmentation,0
Industrial biotechnology,part-of-speech tagging,0
Industrial biotechnology,stemming,0
Industrial biotechnology,grammar induction,0
Industrial biotechnology,sentence breaking ,0
Industrial biotechnology,parsing,0
Industrial biotechnology,lexical semantics,0
Industrial biotechnology,distributional semantics,0
Industrial biotechnology,named entity recognition,0
Industrial biotechnology,sentiment analysis,0
Industrial biotechnology,terminology extraction,0
Industrial biotechnology,word-sense disambiguation,0
Industrial biotechnology,entity linking,0
Industrial biotechnology,multiword expressions,0
Industrial biotechnology,relationship extraction,0
Industrial biotechnology,semantic parsing,0
Industrial biotechnology,semantic role labelling,0
Industrial biotechnology,coreference resolution,0
Industrial biotechnology,discourse analysis,0
Industrial biotechnology,implicit semantic role labelling,0
Industrial biotechnology,recognizing textual entailment,0
Industrial biotechnology,topic segmentation,0
Industrial biotechnology,argument mining,0
Industrial biotechnology,anaphora resolution,0
Nano-technology,optical character recognition,0
Nano-technology,speech recognition,0
Nano-technology,speech segmentation,0
Nano-technology,text-to-speech,0
Nano-technology,word segmentation,0
Nano-technology,lemmatization,0
Nano-technology,morphological segmentation,0
Nano-technology,part-of-speech tagging,0
Nano-technology,stemming,0
Nano-technology,grammar induction,0
Nano-technology,sentence breaking ,0
Nano-technology,parsing,0
Nano-technology,lexical semantics,0
Nano-technology,distributional semantics,0
Nano-technology,named entity recognition,0
Nano-technology,sentiment analysis,0
Nano-technology,terminology extraction,0
Nano-technology,word-sense disambiguation,0
Nano-technology,entity linking,0
Nano-technology,multiword expressions,0
Nano-technology,relationship extraction,0
Nano-technology,semantic parsing,0
Nano-technology,semantic role labelling,0
Nano-technology,coreference resolution,0
Nano-technology,discourse analysis,0
Nano-technology,implicit semantic role labelling,0
Nano-technology,recognizing textual entailment,0
Nano-technology,topic segmentation,0
Nano-technology,argument mining,0
Nano-technology,anaphora resolution,0
Agriculture,optical character recognition,0
Agriculture,speech recognition,0
Agriculture,speech segmentation,0
Agriculture,text-to-speech,0
Agriculture,word segmentation,0
Agriculture,lemmatization,0
Agriculture,morphological segmentation,0
Agriculture,part-of-speech tagging,0
Agriculture,stemming,0
Agriculture,grammar induction,0
Agriculture,sentence breaking ,0
Agriculture,parsing,0
Agriculture,lexical semantics,0
Agriculture,distributional semantics,0
Agriculture,named entity recognition,0
Agriculture,sentiment analysis,0
Agriculture,terminology extraction,0
Agriculture,word-sense disambiguation,0
Agriculture,entity linking,0
Agriculture,multiword expressions,0
Agriculture,relationship extraction,0
Agriculture,semantic parsing,0
Agriculture,semantic role labelling,0
Agriculture,coreference resolution,0
Agriculture,discourse analysis,0
Agriculture,implicit semantic role labelling,0
Agriculture,recognizing textual entailment,0
Agriculture,topic segmentation,0
Agriculture,argument mining,0
Agriculture,anaphora resolution,0
Forestry,optical character recognition,0
Forestry,speech recognition,0
Forestry,speech segmentation,0
Forestry,text-to-speech,0
Forestry,word segmentation,0
Forestry,lemmatization,0
Forestry,morphological segmentation,0
Forestry,part-of-speech tagging,0
Forestry,stemming,0
Forestry,grammar induction,0
Forestry,sentence breaking ,0
Forestry,parsing,0
Forestry,lexical semantics,0
Forestry,distributional semantics,0
Forestry,named entity recognition,0
Forestry,sentiment analysis,0
Forestry,terminology extraction,0
Forestry,word-sense disambiguation,0
Forestry,entity linking,0
Forestry,multiword expressions,0
Forestry,relationship extraction,0
Forestry,semantic parsing,0
Forestry,semantic role labelling,0
Forestry,coreference resolution,0
Forestry,discourse analysis,0
Forestry,implicit semantic role labelling,0
Forestry,recognizing textual entailment,0
Forestry,topic segmentation,0
Forestry,argument mining,0
Forestry,anaphora resolution,0
Fisheries,optical character recognition,0
Fisheries,speech recognition,0
Fisheries,speech segmentation,0
Fisheries,text-to-speech,0
Fisheries,word segmentation,0
Fisheries,lemmatization,0
Fisheries,morphological segmentation,0
Fisheries,part-of-speech tagging,0
Fisheries,stemming,0
Fisheries,grammar induction,0
Fisheries,sentence breaking ,0
Fisheries,parsing,0
Fisheries,lexical semantics,0
Fisheries,distributional semantics,0
Fisheries,named entity recognition,0
Fisheries,sentiment analysis,0
Fisheries,terminology extraction,0
Fisheries,word-sense disambiguation,0
Fisheries,entity linking,0
Fisheries,multiword expressions,0
Fisheries,relationship extraction,0
Fisheries,semantic parsing,0
Fisheries,semantic role labelling,0
Fisheries,coreference resolution,0
Fisheries,discourse analysis,0
Fisheries,implicit semantic role labelling,0
Fisheries,recognizing textual entailment,0
Fisheries,topic segmentation,0
Fisheries,argument mining,0
Fisheries,anaphora resolution,0
Animal and dairy science,optical character recognition,0
Animal and dairy science,speech recognition,0
Animal and dairy science,speech segmentation,0
Animal and dairy science,text-to-speech,0
Animal and dairy science,word segmentation,0
Animal and dairy science,lemmatization,0
Animal and dairy science,morphological segmentation,0
Animal and dairy science,part-of-speech tagging,0
Animal and dairy science,stemming,0
Animal and dairy science,grammar induction,0
Animal and dairy science,sentence breaking ,0
Animal and dairy science,parsing,0
Animal and dairy science,lexical semantics,0
Animal and dairy science,distributional semantics,0
Animal and dairy science,named entity recognition,0
Animal and dairy science,sentiment analysis,0
Animal and dairy science,terminology extraction,0
Animal and dairy science,word-sense disambiguation,0
Animal and dairy science,entity linking,0
Animal and dairy science,multiword expressions,0
Animal and dairy science,relationship extraction,0
Animal and dairy science,semantic parsing,0
Animal and dairy science,semantic role labelling,0
Animal and dairy science,coreference resolution,0
Animal and dairy science,discourse analysis,0
Animal and dairy science,implicit semantic role labelling,0
Animal and dairy science,recognizing textual entailment,0
Animal and dairy science,topic segmentation,0
Animal and dairy science,argument mining,0
Animal and dairy science,anaphora resolution,0
Veterenary,optical character recognition,0
Veterenary,speech recognition,0
Veterenary,speech segmentation,0
Veterenary,text-to-speech,0
Veterenary,word segmentation,0
Veterenary,lemmatization,0
Veterenary,morphological segmentation,0
Veterenary,part-of-speech tagging,0
Veterenary,stemming,0
Veterenary,grammar induction,0
Veterenary,sentence breaking ,0
Veterenary,parsing,0
Veterenary,lexical semantics,0
Veterenary,distributional semantics,0
Veterenary,named entity recognition,0
Veterenary,sentiment analysis,0
Veterenary,terminology extraction,0
Veterenary,word-sense disambiguation,0
Veterenary,entity linking,0
Veterenary,multiword expressions,0
Veterenary,relationship extraction,0
Veterenary,semantic parsing,0
Veterenary,semantic role labelling,0
Veterenary,coreference resolution,0
Veterenary,discourse analysis,0
Veterenary,implicit semantic role labelling,0
Veterenary,recognizing textual entailment,0
Veterenary,topic segmentation,0
Veterenary,argument mining,0
Veterenary,anaphora resolution,0
Agricultural biotechnology,optical character recognition,0
Agricultural biotechnology,speech recognition,0
Agricultural biotechnology,speech segmentation,0
Agricultural biotechnology,text-to-speech,0
Agricultural biotechnology,word segmentation,0
Agricultural biotechnology,lemmatization,0
Agricultural biotechnology,morphological segmentation,0
Agricultural biotechnology,part-of-speech tagging,0
Agricultural biotechnology,stemming,0
Agricultural biotechnology,grammar induction,0
Agricultural biotechnology,sentence breaking ,0
Agricultural biotechnology,parsing,0
Agricultural biotechnology,lexical semantics,0
Agricultural biotechnology,distributional semantics,0
Agricultural biotechnology,named entity recognition,0
Agricultural biotechnology,sentiment analysis,0
Agricultural biotechnology,terminology extraction,0
Agricultural biotechnology,word-sense disambiguation,0
Agricultural biotechnology,entity linking,0
Agricultural biotechnology,multiword expressions,0
Agricultural biotechnology,relationship extraction,0
Agricultural biotechnology,semantic parsing,0
Agricultural biotechnology,semantic role labelling,0
Agricultural biotechnology,coreference resolution,0
Agricultural biotechnology,discourse analysis,0
Agricultural biotechnology,implicit semantic role labelling,0
Agricultural biotechnology,recognizing textual entailment,0
Agricultural biotechnology,topic segmentation,0
Agricultural biotechnology,argument mining,0
Agricultural biotechnology,anaphora resolution,0
Psychology,optical character recognition,0
Psychology,speech recognition,0
Psychology,speech segmentation,0
Psychology,text-to-speech,0
Psychology,word segmentation,0
Psychology,lemmatization,0
Psychology,morphological segmentation,0
Psychology,part-of-speech tagging,0
Psychology,stemming,0
Psychology,grammar induction,0
Psychology,sentence breaking ,0
Psychology,parsing,0
Psychology,lexical semantics,0
Psychology,distributional semantics,0
Psychology,named entity recognition,0
Psychology,sentiment analysis,1
Psychology,terminology extraction,0
Psychology,word-sense disambiguation,0
Psychology,entity linking,0
Psychology,multiword expressions,0
Psychology,relationship extraction,0
Psychology,semantic parsing,0
Psychology,semantic role labelling,0
Psychology,coreference resolution,0
Psychology,discourse analysis,0
Psychology,implicit semantic role labelling,0
Psychology,recognizing textual entailment,0
Psychology,topic segmentation,0
Psychology,argument mining,0
Psychology,anaphora resolution,0
Cognitive sciences,optical character recognition,0
Cognitive sciences,speech recognition,0
Cognitive sciences,speech segmentation,0
Cognitive sciences,text-to-speech,0
Cognitive sciences,word segmentation,0
Cognitive sciences,lemmatization,0
Cognitive sciences,morphological segmentation,0
Cognitive sciences,part-of-speech tagging,0
Cognitive sciences,stemming,0
Cognitive sciences,grammar induction,0
Cognitive sciences,sentence breaking ,0
Cognitive sciences,parsing,0
Cognitive sciences,lexical semantics,0
Cognitive sciences,distributional semantics,0
Cognitive sciences,named entity recognition,0
Cognitive sciences,sentiment analysis,0
Cognitive sciences,terminology extraction,0
Cognitive sciences,word-sense disambiguation,0
Cognitive sciences,entity linking,0
Cognitive sciences,multiword expressions,0
Cognitive sciences,relationship extraction,0
Cognitive sciences,semantic parsing,0
Cognitive sciences,semantic role labelling,0
Cognitive sciences,coreference resolution,0
Cognitive sciences,discourse analysis,0
Cognitive sciences,implicit semantic role labelling,0
Cognitive sciences,recognizing textual entailment,0
Cognitive sciences,topic segmentation,0
Cognitive sciences,argument mining,0
Cognitive sciences,anaphora resolution,0
Economics,optical character recognition,0
Economics,speech recognition,0
Economics,speech segmentation,0
Economics,text-to-speech,0
Economics,word segmentation,0
Economics,lemmatization,0
Economics,morphological segmentation,0
Economics,part-of-speech tagging,0
Economics,stemming,0
Economics,grammar induction,0
Economics,sentence breaking ,0
Economics,parsing,0
Economics,lexical semantics,0
Economics,distributional semantics,0
Economics,named entity recognition,0
Economics,sentiment analysis,0
Economics,terminology extraction,0
Economics,word-sense disambiguation,0
Economics,entity linking,0
Economics,multiword expressions,0
Economics,relationship extraction,0
Economics,semantic parsing,0
Economics,semantic role labelling,0
Economics,coreference resolution,0
Economics,discourse analysis,0
Economics,implicit semantic role labelling,0
Economics,recognizing textual entailment,0
Economics,topic segmentation,0
Economics,argument mining,0
Economics,anaphora resolution,0
Business,optical character recognition,0
Business,speech recognition,1
Business,speech segmentation,0
Business,text-to-speech,0
Business,word segmentation,0
Business,lemmatization,0
Business,morphological segmentation,0
Business,part-of-speech tagging,0
Business,stemming,0
Business,grammar induction,0
Business,sentence breaking ,0
Business,parsing,2
Business,lexical semantics,0
Business,distributional semantics,0
Business,named entity recognition,0
Business,sentiment analysis,0
Business,terminology extraction,0
Business,word-sense disambiguation,1
Business,entity linking,0
Business,multiword expressions,0
Business,relationship extraction,0
Business,semantic parsing,0
Business,semantic role labelling,0
Business,coreference resolution,0
Business,discourse analysis,0
Business,implicit semantic role labelling,0
Business,recognizing textual entailment,0
Business,topic segmentation,0
Business,argument mining,0
Business,anaphora resolution,0
Finance,optical character recognition,0
Finance,speech recognition,0
Finance,speech segmentation,0
Finance,text-to-speech,0
Finance,word segmentation,0
Finance,lemmatization,0
Finance,morphological segmentation,0
Finance,part-of-speech tagging,0
Finance,stemming,0
Finance,grammar induction,0
Finance,sentence breaking ,0
Finance,parsing,0
Finance,lexical semantics,0
Finance,distributional semantics,0
Finance,named entity recognition,0
Finance,sentiment analysis,0
Finance,terminology extraction,0
Finance,word-sense disambiguation,0
Finance,entity linking,0
Finance,multiword expressions,0
Finance,relationship extraction,0
Finance,semantic parsing,0
Finance,semantic role labelling,0
Finance,coreference resolution,0
Finance,discourse analysis,0
Finance,implicit semantic role labelling,0
Finance,recognizing textual entailment,0
Finance,topic segmentation,0
Finance,argument mining,0
Finance,anaphora resolution,0
Tourism,optical character recognition,0
Tourism,speech recognition,0
Tourism,speech segmentation,0
Tourism,text-to-speech,0
Tourism,word segmentation,0
Tourism,lemmatization,0
Tourism,morphological segmentation,0
Tourism,part-of-speech tagging,0
Tourism,stemming,0
Tourism,grammar induction,0
Tourism,sentence breaking ,0
Tourism,parsing,0
Tourism,lexical semantics,0
Tourism,distributional semantics,0
Tourism,named entity recognition,0
Tourism,sentiment analysis,0
Tourism,terminology extraction,0
Tourism,word-sense disambiguation,0
Tourism,entity linking,0
Tourism,multiword expressions,0
Tourism,relationship extraction,0
Tourism,semantic parsing,0
Tourism,semantic role labelling,0
Tourism,coreference resolution,0
Tourism,discourse analysis,0
Tourism,implicit semantic role labelling,0
Tourism,recognizing textual entailment,0
Tourism,topic segmentation,0
Tourism,argument mining,0
Tourism,anaphora resolution,0
Sociology,optical character recognition,0
Sociology,speech recognition,0
Sociology,speech segmentation,0
Sociology,text-to-speech,0
Sociology,word segmentation,0
Sociology,lemmatization,0
Sociology,morphological segmentation,0
Sociology,part-of-speech tagging,0
Sociology,stemming,0
Sociology,grammar induction,0
Sociology,sentence breaking ,0
Sociology,parsing,0
Sociology,lexical semantics,0
Sociology,distributional semantics,0
Sociology,named entity recognition,0
Sociology,sentiment analysis,0
Sociology,terminology extraction,0
Sociology,word-sense disambiguation,0
Sociology,entity linking,0
Sociology,multiword expressions,0
Sociology,relationship extraction,0
Sociology,semantic parsing,0
Sociology,semantic role labelling,0
Sociology,coreference resolution,0
Sociology,discourse analysis,0
Sociology,implicit semantic role labelling,0
Sociology,recognizing textual entailment,0
Sociology,topic segmentation,0
Sociology,argument mining,0
Sociology,anaphora resolution,0
Political Science,optical character recognition,1
Political Science,speech recognition,0
Political Science,speech segmentation,0
Political Science,text-to-speech,0
Political Science,word segmentation,0
Political Science,lemmatization,0
Political Science,morphological segmentation,0
Political Science,part-of-speech tagging,0
Political Science,stemming,0
Political Science,grammar induction,0
Political Science,sentence breaking ,0
Political Science,parsing,0
Political Science,lexical semantics,0
Political Science,distributional semantics,0
Political Science,named entity recognition,0
Political Science,sentiment analysis,1
Political Science,terminology extraction,0
Political Science,word-sense disambiguation,0
Political Science,entity linking,0
Political Science,multiword expressions,0
Political Science,relationship extraction,0
Political Science,semantic parsing,0
Political Science,semantic role labelling,0
Political Science,coreference resolution,0
Political Science,discourse analysis,0
Political Science,implicit semantic role labelling,0
Political Science,recognizing textual entailment,0
Political Science,topic segmentation,0
Political Science,argument mining,0
Political Science,anaphora resolution,0
Geography,optical character recognition,0
Geography,speech recognition,0
Geography,speech segmentation,0
Geography,text-to-speech,0
Geography,word segmentation,0
Geography,lemmatization,0
Geography,morphological segmentation,0
Geography,part-of-speech tagging,0
Geography,stemming,0
Geography,grammar induction,0
Geography,sentence breaking ,0
Geography,parsing,0
Geography,lexical semantics,0
Geography,distributional semantics,0
Geography,named entity recognition,0
Geography,sentiment analysis,0
Geography,terminology extraction,0
Geography,word-sense disambiguation,0
Geography,entity linking,0
Geography,multiword expressions,0
Geography,relationship extraction,0
Geography,semantic parsing,0
Geography,semantic role labelling,0
Geography,coreference resolution,0
Geography,discourse analysis,0
Geography,implicit semantic role labelling,0
Geography,recognizing textual entailment,0
Geography,topic segmentation,0
Geography,argument mining,0
Geography,anaphora resolution,0
Archeology,optical character recognition,0
Archeology,speech recognition,0
Archeology,speech segmentation,0
Archeology,text-to-speech,0
Archeology,word segmentation,0
Archeology,lemmatization,0
Archeology,morphological segmentation,0
Archeology,part-of-speech tagging,0
Archeology,stemming,0
Archeology,grammar induction,0
Archeology,sentence breaking ,0
Archeology,parsing,0
Archeology,lexical semantics,0
Archeology,distributional semantics,0
Archeology,named entity recognition,0
Archeology,sentiment analysis,0
Archeology,terminology extraction,0
Archeology,word-sense disambiguation,0
Archeology,entity linking,0
Archeology,multiword expressions,0
Archeology,relationship extraction,0
Archeology,semantic parsing,0
Archeology,semantic role labelling,0
Archeology,coreference resolution,0
Archeology,discourse analysis,0
Archeology,implicit semantic role labelling,0
Archeology,recognizing textual entailment,0
Archeology,topic segmentation,0
Archeology,argument mining,0
Archeology,anaphora resolution,0
Anthropology,optical character recognition,0
Anthropology,speech recognition,0
Anthropology,speech segmentation,0
Anthropology,text-to-speech,0
Anthropology,word segmentation,0
Anthropology,lemmatization,0
Anthropology,morphological segmentation,0
Anthropology,part-of-speech tagging,0
Anthropology,stemming,0
Anthropology,grammar induction,0
Anthropology,sentence breaking ,0
Anthropology,parsing,0
Anthropology,lexical semantics,0
Anthropology,distributional semantics,0
Anthropology,named entity recognition,0
Anthropology,sentiment analysis,0
Anthropology,terminology extraction,0
Anthropology,word-sense disambiguation,0
Anthropology,entity linking,0
Anthropology,multiword expressions,0
Anthropology,relationship extraction,0
Anthropology,semantic parsing,0
Anthropology,semantic role labelling,0
Anthropology,coreference resolution,0
Anthropology,discourse analysis,0
Anthropology,implicit semantic role labelling,0
Anthropology,recognizing textual entailment,0
Anthropology,topic segmentation,0
Anthropology,argument mining,0
Anthropology,anaphora resolution,0
Philology,optical character recognition,0
Philology,speech recognition,0
Philology,speech segmentation,0
Philology,text-to-speech,0
Philology,word segmentation,0
Philology,lemmatization,0
Philology,morphological segmentation,0
Philology,part-of-speech tagging,0
Philology,stemming,0
Philology,grammar induction,0
Philology,sentence breaking ,0
Philology,parsing,0
Philology,lexical semantics,0
Philology,distributional semantics,0
Philology,named entity recognition,0
Philology,sentiment analysis,0
Philology,terminology extraction,0
Philology,word-sense disambiguation,0
Philology,entity linking,0
Philology,multiword expressions,0
Philology,relationship extraction,0
Philology,semantic parsing,0
Philology,semantic role labelling,0
Philology,coreference resolution,0
Philology,discourse analysis,0
Philology,implicit semantic role labelling,0
Philology,recognizing textual entailment,0
Philology,topic segmentation,0
Philology,argument mining,0
Philology,anaphora resolution,0
Linguistics,optical character recognition,4
Linguistics,speech recognition,1
Linguistics,speech segmentation,0
Linguistics,text-to-speech,1
Linguistics,word segmentation,2
Linguistics,lemmatization,0
Linguistics,morphological segmentation,0
Linguistics,part-of-speech tagging,1
Linguistics,stemming,0
Linguistics,grammar induction,0
Linguistics,sentence breaking ,0
Linguistics,parsing,2
Linguistics,lexical semantics,0
Linguistics,distributional semantics,0
Linguistics,named entity recognition,1
Linguistics,sentiment analysis,3
Linguistics,terminology extraction,0
Linguistics,word-sense disambiguation,0
Linguistics,entity linking,0
Linguistics,multiword expressions,0
Linguistics,relationship extraction,0
Linguistics,semantic parsing,0
Linguistics,semantic role labelling,0
Linguistics,coreference resolution,0
Linguistics,discourse analysis,0
Linguistics,implicit semantic role labelling,0
Linguistics,recognizing textual entailment,0
Linguistics,topic segmentation,0
Linguistics,argument mining,0
Linguistics,anaphora resolution,0
Religion,optical character recognition,0
Religion,speech recognition,0
Religion,speech segmentation,0
Religion,text-to-speech,0
Religion,word segmentation,0
Religion,lemmatization,0
Religion,morphological segmentation,0
Religion,part-of-speech tagging,0
Religion,stemming,0
Religion,grammar induction,0
Religion,sentence breaking ,0
Religion,parsing,0
Religion,lexical semantics,0
Religion,distributional semantics,0
Religion,named entity recognition,1
Religion,sentiment analysis,0
Religion,terminology extraction,0
Religion,word-sense disambiguation,0
Religion,entity linking,0
Religion,multiword expressions,0
Religion,relationship extraction,0
Religion,semantic parsing,0
Religion,semantic role labelling,0
Religion,coreference resolution,0
Religion,discourse analysis,0
Religion,implicit semantic role labelling,0
Religion,recognizing textual entailment,0
Religion,topic segmentation,0
Religion,argument mining,0
Religion,anaphora resolution,0
Literature,optical character recognition,0
Literature,speech recognition,0
Literature,speech segmentation,0
Literature,text-to-speech,0
Literature,word segmentation,0
Literature,lemmatization,0
Literature,morphological segmentation,0
Literature,part-of-speech tagging,0
Literature,stemming,0
Literature,grammar induction,0
Literature,sentence breaking ,0
Literature,parsing,0
Literature,lexical semantics,0
Literature,distributional semantics,0
Literature,named entity recognition,0
Literature,sentiment analysis,0
Literature,terminology extraction,0
Literature,word-sense disambiguation,0
Literature,entity linking,0
Literature,multiword expressions,0
Literature,relationship extraction,0
Literature,semantic parsing,0
Literature,semantic role labelling,0
Literature,coreference resolution,0
Literature,discourse analysis,0
Literature,implicit semantic role labelling,0
Literature,recognizing textual entailment,0
Literature,topic segmentation,0
Literature,argument mining,0
Literature,anaphora resolution,0
Government,optical character recognition,1
Government,speech recognition,1
Government,speech segmentation,0
Government,text-to-speech,0
Government,word segmentation,1
Government,lemmatization,0
Government,morphological segmentation,0
Government,part-of-speech tagging,0
Government,stemming,0
Government,grammar induction,0
Government,sentence breaking ,0
Government,parsing,1
Government,lexical semantics,0
Government,distributional semantics,0
Government,named entity recognition,2
Government,sentiment analysis,1
Government,terminology extraction,0
Government,word-sense disambiguation,0
Government,entity linking,0
Government,multiword expressions,0
Government,relationship extraction,0
Government,semantic parsing,0
Government,semantic role labelling,0
Government,coreference resolution,0
Government,discourse analysis,0
Government,implicit semantic role labelling,0
Government,recognizing textual entailment,0
Government,topic segmentation,0
Government,argument mining,0
Government,anaphora resolution,0
Law,optical character recognition,2
Law,speech recognition,0
Law,speech segmentation,0
Law,text-to-speech,0
Law,word segmentation,0
Law,lemmatization,0
Law,morphological segmentation,0
Law,part-of-speech tagging,0
Law,stemming,0
Law,grammar induction,0
Law,sentence breaking ,0
Law,parsing,0
Law,lexical semantics,0
Law,distributional semantics,0
Law,named entity recognition,0
Law,sentiment analysis,1
Law,terminology extraction,0
Law,word-sense disambiguation,0
Law,entity linking,0
Law,multiword expressions,0
Law,relationship extraction,0
Law,semantic parsing,0
Law,semantic role labelling,0
Law,coreference resolution,0
Law,discourse analysis,0
Law,implicit semantic role labelling,0
Law,recognizing textual entailment,0
Law,topic segmentation,0
Law,argument mining,0
Law,anaphora resolution,0
Education,optical character recognition,1
Education,speech recognition,0
Education,speech segmentation,0
Education,text-to-speech,0
Education,word segmentation,0
Education,lemmatization,0
Education,morphological segmentation,0
Education,part-of-speech tagging,0
Education,stemming,0
Education,grammar induction,0
Education,sentence breaking ,0
Education,parsing,0
Education,lexical semantics,0
Education,distributional semantics,0
Education,named entity recognition,0
Education,sentiment analysis,0
Education,terminology extraction,0
Education,word-sense disambiguation,0
Education,entity linking,0
Education,multiword expressions,0
Education,relationship extraction,0
Education,semantic parsing,0
Education,semantic role labelling,0
Education,coreference resolution,0
Education,discourse analysis,0
Education,implicit semantic role labelling,0
Education,recognizing textual entailment,0
Education,topic segmentation,0
Education,argument mining,0
Education,anaphora resolution,0
History,optical character recognition,0
History,speech recognition,0
History,speech segmentation,0
History,text-to-speech,1
History,word segmentation,1
History,lemmatization,0
History,morphological segmentation,0
History,part-of-speech tagging,0
History,stemming,0
History,grammar induction,0
History,sentence breaking ,0
History,parsing,0
History,lexical semantics,0
History,distributional semantics,0
History,named entity recognition,0
History,sentiment analysis,0
History,terminology extraction,0
History,word-sense disambiguation,0
History,entity linking,0
History,multiword expressions,0
History,relationship extraction,0
History,semantic parsing,0
History,semantic role labelling,0
History,coreference resolution,0
History,discourse analysis,0
History,implicit semantic role labelling,0
History,recognizing textual entailment,0
History,topic segmentation,0
History,argument mining,0
History,anaphora resolution,0
Philosophy,optical character recognition,0
Philosophy,speech recognition,0
Philosophy,speech segmentation,0
Philosophy,text-to-speech,0
Philosophy,word segmentation,0
Philosophy,lemmatization,0
Philosophy,morphological segmentation,0
Philosophy,part-of-speech tagging,0
Philosophy,stemming,0
Philosophy,grammar induction,0
Philosophy,sentence breaking ,0
Philosophy,parsing,0
Philosophy,lexical semantics,0
Philosophy,distributional semantics,0
Philosophy,named entity recognition,0
Philosophy,sentiment analysis,0
Philosophy,terminology extraction,0
Philosophy,word-sense disambiguation,0
Philosophy,entity linking,0
Philosophy,multiword expressions,0
Philosophy,relationship extraction,0
Philosophy,semantic parsing,0
Philosophy,semantic role labelling,0
Philosophy,coreference resolution,0
Philosophy,discourse analysis,0
Philosophy,implicit semantic role labelling,0
Philosophy,recognizing textual entailment,0
Philosophy,topic segmentation,0
Philosophy,argument mining,0
Philosophy,anaphora resolution,0
Ethics,optical character recognition,0
Ethics,speech recognition,0
Ethics,speech segmentation,0
Ethics,text-to-speech,0
Ethics,word segmentation,0
Ethics,lemmatization,0
Ethics,morphological segmentation,0
Ethics,part-of-speech tagging,0
Ethics,stemming,0
Ethics,grammar induction,0
Ethics,sentence breaking ,0
Ethics,parsing,0
Ethics,lexical semantics,0
Ethics,distributional semantics,0
Ethics,named entity recognition,0
Ethics,sentiment analysis,1
Ethics,terminology extraction,0
Ethics,word-sense disambiguation,0
Ethics,entity linking,0
Ethics,multiword expressions,0
Ethics,relationship extraction,0
Ethics,semantic parsing,0
Ethics,semantic role labelling,0
Ethics,coreference resolution,0
Ethics,discourse analysis,0
Ethics,implicit semantic role labelling,0
Ethics,recognizing textual entailment,0
Ethics,topic segmentation,0
Ethics,argument mining,0
Ethics,anaphora resolution,0
Arts,optical character recognition,1
Arts,speech recognition,0
Arts,speech segmentation,0
Arts,text-to-speech,0
Arts,word segmentation,0
Arts,lemmatization,0
Arts,morphological segmentation,0
Arts,part-of-speech tagging,0
Arts,stemming,0
Arts,grammar induction,0
Arts,sentence breaking ,0
Arts,parsing,2
Arts,lexical semantics,0
Arts,distributional semantics,0
Arts,named entity recognition,0
Arts,sentiment analysis,0
Arts,terminology extraction,0
Arts,word-sense disambiguation,0
Arts,entity linking,0
Arts,multiword expressions,0
Arts,relationship extraction,0
Arts,semantic parsing,0
Arts,semantic role labelling,0
Arts,coreference resolution,0
Arts,discourse analysis,0
Arts,implicit semantic role labelling,0
Arts,recognizing textual entailment,0
Arts,topic segmentation,0
Arts,argument mining,0
Arts,anaphora resolution,0
